## Report Data Tanpa K-fold
[0.57303044 0.74962577 0.57400398 0.6388028  0.60714952 0.78447021
 0.70555457 0.88935717 0.6673546  0.803847   0.68211231 0.59142994
 0.59037624 0.78192703 0.48597528 0.34737553 0.86923552 0.72625345
 0.35088699 0.81440572 0.86879623 0.87102262 0.28545466 0.74970021
 0.78599476 0.68415868 0.63583276 0.20699133 0.71083622 0.53389247
 0.5363414  0.36592131 0.83568067 0.59716279 0.22467699 0.66480672
 0.73967832 0.7516776  0.58958916 0.74863852 0.67875623 0.5640832
 0.53651277 0.90426642 0.78335973 0.91401356 0.05846023 0.66152726
 0.88373263 0.68967695 0.89913184 0.63977672 0.90309602 0.58259965
 0.59795797 0.69729032 0.34598475 0.59218783 0.06409459 0.60762948
 0.82769194 0.65517084 0.66828472 0.51859192 0.75205792 0.7209284
 0.62959346 0.58748736 0.58682405 0.59882423 0.58214064 0.71096334
 0.8119361  0.60526254 0.62504547 0.64492083 0.79174164 0.66492396
 0.56273672 0.42006524 0.74113768 0.8171532  0.74430587 0.42930941
 0.88325089 0.71756598 0.83927494 0.65793049 0.77914555 0.69701952
 0.74679965 0.68036205 0.47468768 0.76946226 0.60671584 0.53948906
 0.51481249 0.6750122  0.83662776 0.87875294 0.68111533 0.82796342
 0.41175722 0.85900341 0.77905318 0.73499928 0.66261375 0.65879792
 0.48941757 0.06206534 0.3325797  0.5807932  0.41589182 0.31519771
 0.69956457 0.53504241 0.41524075 0.58208065 0.65192154 0.57551748
 0.63452941 0.64631344 0.85899908 0.52702511 0.61398595 0.43136234
 0.54113951 0.80288682 0.66603844 0.69337196 0.4441335  0.60275652
 0.7357818  0.43464452 0.75664835 0.77784857 0.62239766 0.67936018
 0.39489516 0.73886138 0.53963195 0.72311539 0.60828509 0.85113525
 0.5913425  0.56786617 0.80732671 0.68974875 0.70294924 0.61006473
 0.62039607 0.70273022 0.6556323  0.77693792 0.78154926 0.75184475
 0.55839637 0.80291083 0.66644257 0.49183957 0.67341793 0.74998912
 0.77933551 0.61652207 0.43255459 0.82773216 0.77624973 0.6760652
 0.60858362 0.63199678 0.35978438 0.34675039 0.52796802 0.23843916
 0.75254006 0.23213608 0.41264356 0.62688611 0.77252145 0.19998693
 0.65960019 0.67750274 0.66728175 0.8776929  0.18210996 0.3756905
 0.74807084 0.75864071 0.21078183 0.75350326 0.61233499 0.79153674
 0.87208497 0.71533824 0.45049193 0.47672206 0.39673935 0.79014708
 0.76832697 0.83344082 0.61528718 0.82207065 0.83052515 0.67940002
 0.39490956 0.48789831 0.60104669 0.38865982 0.89050112 0.91505203
 0.87689387 0.66883947 0.75760466 0.72903956 0.82351098 0.61241784
 0.82181387 0.68603765 0.68082131 0.9039015  0.77980602 0.67337592
 0.77822322 0.75662858 0.53330248 0.27315635 0.69241895 0.66059301
 0.55594528 0.90871228 0.64766601 0.55950104 0.66749091 0.39361436
 0.86832926 0.62647519 0.56101121 0.73076899 0.76590804 0.47214816
 0.79550139 0.43138452 0.8330591  0.78838638 0.47300902 0.88225859
 0.83110945 0.70385106 0.78163085 0.55610735 0.7997358  0.82034739
 0.08800701 0.69517382 0.6640896  0.92587214 0.69565569 0.08496333
 0.313491   0.54193414 0.79190116]
Mean Absolute Error : 0.14775480790255488
Mean Squared Error : 0.03630129291827478
Root MSE : 0.19052898183288228

## Report Data Tanpa 10-fold
[0.59718466 0.56961126 0.6550749  0.55057873 0.50397115 0.67927244
 0.39058915 0.73920226 0.7615838  0.65080355 0.7580687  0.76690655
 0.65247207 0.66516022 0.5945767  0.78068532 0.67811991 0.41983822
 0.4412295  0.87833826 0.32305168 0.13427879 0.49631995 0.70816297
 0.70830503 0.5884951  0.59218944 0.66983331 0.59107268 0.77759739
 0.48013401 0.36611988 0.49427141 0.59804327 0.32167391 0.87145815
 0.7272237  0.64074682 0.61928308 0.28622335 0.27455835 0.78603123
 0.77883342 0.48182033 0.52269614 0.74929441 0.69052034 0.73598204
 0.47248525 0.678523   0.65110867 0.85913831 0.73984815 0.74840774
 0.82848543 0.82486003 0.71458193 0.82789366 0.63975107 0.71757069
 0.59406139 0.59874794 0.59823224 0.40579297 0.82108244 0.63255243
 0.83043243 0.4055497  0.7650106  0.41505855 0.5764354  0.83753432
 0.68234299 0.63794958 0.75049685 0.5321085  0.70753503 0.13184978
 0.77175096 0.7034021  0.41973703 0.35459383 0.78119567 0.86356182
 0.3315768  0.65396296 0.79759985 0.8771896  0.836584   0.85463238
 0.83447461 0.7807155  0.51186276 0.63921641 0.12760732 0.7069627
 0.86419998 0.87071581 0.86003515 0.59012664 0.51817342 0.45415453
 0.52748765 0.42099762 0.75585565 0.61683399 0.22133573 0.69005861
 0.58212403 0.63661273 0.42462463 0.54018148 0.68562026 0.60150861
 0.60956157 0.55641527 0.72939131 0.66395338 0.60360147 0.38365551
 0.58292556 0.86641229 0.68751436 0.91777543 0.50860435 0.78111333
 0.7472396  0.23680449 0.50190897 0.48005563 0.82900421 0.8762641
 0.53828435 0.71381838 0.66282491 0.71887495 0.72144669 0.85734599
 0.55724174 0.88753123 0.75485027 0.83757741 0.46737839 0.48751212
 0.73993266 0.66318124 0.62048422 0.57309635 0.54353232 0.49041012
 0.574707   0.69001891 0.62893476 0.86146419 0.73650572 0.74076269
 0.77562274 0.61813654 0.67439679 0.47429009 0.85237716 0.79860593
 0.58294143 0.86195178 0.75483252 0.55873738 0.67952831 0.69649879
 0.49442016 0.58668032 0.78665547 0.60106881 0.88191946 0.73431043
 0.64369657 0.56782464 0.42561381 0.42854991 0.81712767 0.56477405
 0.63894852 0.761673   0.49174783 0.56039635 0.57270647 0.48651145
 0.39982851 0.89633365 0.60946665 0.67771711 0.89606076 0.9495542
 0.47937388 0.81891366 0.58078561 0.17048114 0.52881567 0.8452339
 0.60725857 0.67017888 0.34364484 0.78338579 0.78875381 0.83204286
 0.79138346 0.71184457 0.71042905 0.72089579 0.08971673 0.76533614
 0.66099367 0.83148329 0.55061503 0.7472696  0.51393929 0.53854581
 0.31675653 0.48839184 0.72804089 0.72014536 0.56482494 0.36410369
 0.46256887 0.86002174 0.71760075 0.57498796 0.662917   0.54564819
 0.52475472 0.56862033 0.69427031 0.58660429 0.5151454  0.48952285
 0.66066319 0.80500772 0.69386769 0.74700752 0.70099587 0.86091147
 0.05791855 0.45238735 0.59327028 0.5086975  0.5580636  0.72584366
 0.73054248 0.20752153 0.74779344 0.86620654 0.65698431 0.80217482
 0.54230198 0.75994656 0.14574186 0.69478432 0.85713079 0.85041755
 0.87349206 0.54937217 0.67225363]
Mean Absolute Error : 0.13296941949847169
Mean Squared Error : 0.028528307224641943
Root MSE : 0.16890324811750052

## Report Data Tanpa 4-fold
[0.73904074 0.79238594 0.63775422 0.41604658 0.40612186 0.29453247
 0.84143666 0.3954474  0.75350951 0.39850384 0.48647902 0.63225165
 0.60471826 0.52035446 0.55758924 0.55429521 0.72578142 0.57928354
 0.51266251 0.23837084 0.72813851 0.60370638 0.8961017  0.60470659
 0.70921064 0.6522303  0.53069764 0.7100108  0.50837066 0.53890563
 0.29180641 0.76010784 0.88424823 0.81500109 0.67632555 0.86712513
 0.61592507 0.56179486 0.68692201 0.84627071 0.76346416 0.26261339
 0.61294743 0.87207959 0.73198395 0.44377085 0.87195371 0.57689523
 0.38369553 0.63504677 0.80845002 0.27939107 0.50033306 0.75340215
 0.61070883 0.68608538 0.59668783 0.74542144 0.85386957 0.546892
 0.67616496 0.58325593 0.44337727 0.63225333 0.78337419 0.87614719
 0.83157431 0.55041326 0.85230858 0.80672469 0.4406673  0.7535081
 0.31835424 0.72248385 0.73490655 0.71767083 0.86683938 0.58145765
 0.60102545 0.71268906 0.41015455 0.53825803 0.79449653 0.71878034
 0.66311414 0.61020749 0.58868696 0.8453769  0.59088791 0.49353337
 0.73065702 0.61938867 0.72758756 0.80157076 0.33231303 0.85153254
 0.59030732 0.27366474 0.78077167 0.65846414 0.50771681 0.84625009
 0.49679756 0.58029459 0.66765835 0.77776005 0.69546993 0.61536299
 0.83478552 0.69954054 0.82253039 0.56723221 0.7369742  0.6463651
 0.57288128 0.5466708  0.81369466 0.5108823  0.35414829 0.59851832
 0.67366853 0.6417055  0.23576619 0.80692338 0.58775829 0.86864039
 0.8103898  0.528967   0.52675118 0.77208374 0.52773392 0.67155347
 0.63457717 0.68538298 0.86664539 0.62482904 0.70963101 0.53926824
 0.90457029 0.75832921 0.56679457 0.68543714 0.17690943 0.49688615
 0.60030418 0.74747124 0.46706668 0.5305133  0.47197192 0.73786608
 0.87753213 0.06580474 0.53040086 0.89077845 0.71118844 0.77549827
 0.31591598 0.49677398 0.7670703  0.54685328 0.75930845 0.21076766
 0.78642727 0.71059436 0.56167295 0.79782674 0.84080592 0.59653813
 0.86898038 0.36978168 0.4650875  0.9028423  0.08335543 0.74934018
 0.72584617 0.71926741 0.66369653 0.65083801 0.6522683  0.87180561
 0.86626093 0.32022701 0.88497265 0.27716261 0.69359945 0.49000411
 0.40152289 0.85609209 0.48971749 0.52306719 0.74969975 0.911668
 0.7037033  0.70508834 0.65341734 0.66358003 0.80762579 0.26486556
 0.42701667 0.77996367 0.84562451 0.74320747 0.67791609 0.63872133
 0.80014662 0.76163773 0.61215533 0.64464011 0.29764828 0.85308385
 0.81925274 0.63790736 0.82401101 0.80744915 0.69224424 0.77125732
 0.16800302 0.51577959 0.88177716 0.56788205 0.73089744 0.51878692
 0.8945568  0.65165164 0.83824523 0.04774072 0.6333642  0.74201088
 0.89584567 0.83466807 0.83506682 0.61726404 0.80925173 0.42847703
 0.51857932 0.70149594 0.55245547 0.87010811 0.58590221 0.51561776
 0.62511281 0.73497021 0.88843661 0.84072609 0.585411   0.73371429
 0.70844976 0.84692371 0.80913843 0.66495471 0.47968952 0.26493074
 0.81373017 0.51872869 0.77915319 0.73720037 0.63465204 0.62090331
 0.49831464 0.87012667 0.63003895]
Mean Absolute Error : 0.12880427191382138
Mean Squared Error : 0.029193603088585717
Root MSE : 0.1708613563348533